nbVertex = 100;
c = [
	[0.0, 11.574225759423424, 132.00355307036602, 95.63121363123145, 123.88613571144367, 100.65225175421571, 83.06840477830508, 118.69721075458693, 162.93127805315132, 51.389715297336096, 172.6471273375106, 74.16000590927779, 87.53554403416912, 101.8378596197052, 102.44286111433196, 151.31554250961776, 169.11630783345117, 115.84305235171898, 67.36462006038265, 107.67593857763305, 107.41806117046386, 148.59928459376067, 97.4940942433461, 54.23406981308847, 105.13887432779968, 72.84572905800027, 137.59683513325052, 80.00722352606766, 127.95851454951043, 29.605627157754366, 54.25077696995814, 42.05329095090878, 117.0621915195805, 148.18509957737785, 94.97897559388913, 33.06090321228326, 86.76223643405629, 69.42302349798567, 118.92133066611568, 124.02460694212502, 152.9027845150805, 150.13931529673795, 125.74575937135383, 52.66701284815259, 90.42973681026545, 113.36859171081325, 96.62058326257568, 54.77207500825495, 125.50076259416585, 90.50871656455104, 77.74780368264605, 159.44553777239526, 118.30689947064855, 89.02228732279706, 9.00447722555203, 78.46917864351474, 13.802905344719912, 48.72040645213936, 173.21482734445394, 11.664484389216385, 171.72598771350303, 106.05741946697714, 48.478719363444846, 63.11985337618162, 156.2202429459095, 106.58420241788691, 65.79921604186804, 10.349385141048163, 155.2255536860864, 130.1475059660886, 33.25580952469202, 144.01040376814058, 124.64197275090794, 81.73823065069746, 88.28655410336107, 98.87234588304102, 19.10659413682753, 191.87174294066173, 145.47491009542836, 32.49233656805668, 47.82588348266617, 80.90866073889666, 121.63628148715125, 120.23271000656683, 109.84728942507117, 66.11923398291677, 100.74366876048093, 50.68454945272854, 13.079007859333283, 121.83441870631742, 54.53807404281093, 102.00955584426063, 54.50849962643492, 60.30387690254783, 67.10960006610769, 79.41214093263169, 163.74483216346366, 99.74628612502573, 129.94996349374412, 75.48277633274643],
	[11.574225759423424, 0.0, 120.43194982240347, 103.24676037550272, 114.3961843490361, 110.40019128302283, 83.81074287662982, 107.19885345250229, 158.53144270966376, 50.82077920030763, 167.99334143699386, 81.95986760682554, 83.22746416508339, 111.52573147351423, 101.00192702574587, 139.83854343047295, 165.5292970800098, 112.98977251338526, 76.77797283901164, 105.67763842600371, 99.6236087253472, 142.50883956830407, 86.148026462276, 48.02266500817908, 114.63547322814811, 62.20224582756291, 127.74388071362918, 70.44974158684443, 119.29343835558889, 18.16992453248502, 65.81084514405929, 40.481331544907796, 105.55259842905132, 144.9331647211538, 87.39378012697361, 39.928501418382886, 81.13823411363806, 58.09929121385483, 117.26732198642942, 127.52049085878231, 142.5115005629535, 138.5857737211815, 114.17395802590123, 41.46107874699141, 78.85849628774876, 120.37080251589158, 105.17402432307715, 49.932646846429286, 134.7553081111213, 92.13668644614539, 71.31003777189592, 148.00237815851122, 114.64878355528458, 97.80921933793826, 13.054051516013741, 72.91200037778131, 3.536967546334253, 47.94077781328951, 168.61547755938983, 14.247271592974332, 168.1056504422048, 104.34698592991684, 58.05893913798797, 74.58449757658457, 151.2198415755546, 96.09402609218499, 73.13740482853039, 18.50955184151563, 144.34981967902425, 122.21420470139407, 36.420331988023285, 133.65805641979205, 124.9391314517013, 73.3502523503706, 91.45537552122524, 94.59118061174946, 28.375305971518948, 188.66631650612135, 138.88363812450012, 21.000586245616653, 36.62978626334577, 71.93981981162196, 118.20086742380406, 108.67335354935517, 99.84691327714447, 76.0541334459146, 107.55124898328516, 43.25700703263124, 15.683244050337668, 114.47241629411846, 51.83287770616341, 106.40039763660577, 43.38563321067739, 50.37371583807849, 60.24761465612283, 68.10183359829983, 161.67924253834144, 88.20085308253267, 120.10342059451595, 69.17647046651861],
	[132.00355307036602, 120.43194982240347, 0.0, 206.67361997558484, 76.33028967129057, 223.14143224219868, 157.02301147468108, 20.93226012407653, 164.6628664757571, 134.7125508479563, 168.71536425904046, 188.65562026250842, 124.88332141828717, 223.9438744402883, 153.5909400370773, 28.145285747263664, 177.9430848276466, 149.88810478909838, 190.08304275371896, 152.29339296099968, 97.18513697768961, 135.74411908556175, 41.72603305436381, 108.74919341845245, 226.02386597010292, 68.35316156253408, 73.43550356384318, 75.33035915508705, 90.99821799895399, 102.59114115648543, 186.23190720705028, 128.0773291303834, 21.16917166640381, 166.55835474672298, 97.5386651578108, 151.20124785883874, 114.24033612697103, 65.7405446755288, 161.90067081375474, 204.81591621701142, 67.99007422966457, 21.183397212957246, 6.258707034096646, 81.12399270136557, 41.57392645046478, 218.88649257460153, 212.7875643861948, 113.4277896142214, 243.98910211460006, 167.22457711808696, 103.28963368750264, 36.43743026887111, 144.11568539153336, 207.04468785999885, 130.55372865376594, 110.03186068711634, 118.63457269448821, 132.92393529432348, 169.75000966854628, 129.83543902764873, 179.51144191887195, 153.6217787097258, 173.3355519159793, 194.76583455630717, 153.35032697449128, 56.95324741573629, 179.2756495639015, 136.89442427672645, 55.825030571856054, 102.46825242417134, 139.06891534621005, 64.74866425188291, 181.514798923087, 89.61676839581651, 175.07005702294808, 129.26912535839438, 146.13260622669247, 199.46018273653343, 127.73204436292815, 99.80170722411883, 85.70767721784254, 84.08720759120182, 148.02606974109557, 14.596380987378161, 65.84271896780568, 191.23338331594715, 206.5595112124097, 103.4505253352444, 130.3511761324787, 106.73722474806854, 123.75271908963445, 193.0144251013369, 80.7766401139027, 84.57985133395928, 100.80670209194454, 55.637003173006406, 189.4831994450617, 33.754572234419655, 71.14584023378147, 107.31906816593845],
	[95.63121363123145, 103.24676037550272, 206.67361997558484, 0.0, 163.24934538551716, 29.52660412736776, 60.64912136114528, 188.09906306811607, 146.48571824713173, 72.06801474520562, 156.55528104816347, 21.487120286552848, 97.30394334392292, 28.996393974579686, 82.31083784166553, 217.11279728114994, 144.3988517410081, 100.31233659754568, 33.6528066625229, 89.10744113982372, 135.152672161502, 150.20941796348953, 165.4403260587905, 98.18960942729956, 27.501599099974076, 162.79030524691325, 178.44451390482013, 173.12329785849937, 158.14139200100936, 118.58287963970334, 72.00830450651284, 78.8694113558367, 187.05136442651053, 125.27305661878043, 125.33210961224599, 63.31864503813082, 106.23176577705334, 141.8864223263401, 92.39568551674978, 52.72055673947499, 198.2790697954651, 219.72218701954074, 200.7993503010438, 140.68504071613629, 168.5047547078093, 18.937114656017886, 11.443871199207079, 150.0440266832421, 38.761949068977835, 54.81416703591836, 173.37013674892378, 223.47460073252566, 108.26785359671163, 15.102631699760693, 90.22963554895549, 173.85520298383608, 102.45809147562491, 73.75664600692063, 156.53971796378016, 89.09258167457652, 146.79875959371122, 86.05698945379709, 49.83847597364386, 65.39482119584513, 146.45737364967988, 160.49908887881944, 30.12615752412073, 85.60230720538645, 207.5165842603621, 152.86737256443706, 121.43287193454522, 190.03224671721557, 79.73679879781031, 123.50630161716433, 42.41293901853598, 102.30726236427601, 76.62348292063388, 160.04444607299087, 152.30771370827586, 116.59240378470757, 136.31181019512735, 127.4531033616117, 108.51592692094432, 192.5103602980606, 157.5687932984716, 38.6576685442246, 10.232603607577161, 103.22431260216952, 87.7658752993172, 141.52462788360816, 148.25108232545514, 33.66609987265187, 128.09421304836854, 122.1000210236888, 162.71988406275455, 164.54012226095577, 127.24185435085585, 173.14137210306453, 172.03372158431753, 105.8082686299899],
	[123.88613571144367, 114.3961843490361, 76.33028967129057, 163.24934538551716, 0.0, 186.9045795539265, 104.11572584077285, 57.10789037515054, 88.37249485801424, 96.75350399573983, 92.46374547710847, 150.66501087310428, 66.80792808922321, 187.23989048261436, 91.07329261808066, 67.89250479379457, 101.76835167210136, 81.50978741808532, 158.50376272185068, 87.39207137784116, 29.172720102625338, 59.42035484595593, 50.60482399686021, 74.65146228192941, 187.92571668872705, 101.03384407941515, 15.319915698093824, 116.01630311937276, 14.671848612852854, 103.09894106975601, 170.58354767206552, 96.14165566516422, 57.8731810983268, 91.85853449244622, 37.932069515662754, 125.58898104025639, 57.12009377379576, 65.34452320746483, 94.30733534061908, 145.17224249968663, 35.06374801984343, 75.46864259450733, 74.00103592426015, 95.32417733411272, 71.25075450550838, 170.2094406506553, 172.2504222022407, 138.0579365950757, 201.97949018855726, 112.72062778972622, 141.52531095565143, 70.56695067090128, 74.09578708930889, 168.7698526325546, 117.6070457241751, 147.6708299571113, 111.09919219879906, 96.57790877852241, 93.49196431563016, 115.52051592260287, 103.26886684423802, 89.58805497103685, 146.8890196060554, 175.96825111998405, 77.04394614871697, 26.037097189847795, 142.47904215131808, 122.82248048056323, 46.26515257061804, 26.172399448810264, 147.40991484265516, 27.18263741256282, 115.62863519322674, 44.063951460757, 123.6284538888321, 65.5616408914422, 128.72747757126848, 123.1316455637254, 51.442802557428145, 96.36525998699518, 97.10262766101343, 43.33435032933132, 77.42807348382905, 64.51037535287789, 16.974150757965074, 161.8543918901236, 159.74305738346916, 74.90242670356712, 115.07852290289877, 32.15286643057282, 146.8196478541372, 140.07394926369312, 74.53585276498463, 64.10177882737139, 133.41297382368313, 87.56669992782243, 114.68786851004796, 61.63967322945959, 9.025357627661633, 58.77943277131946],
	[100.65225175421571, 110.40019128302283, 223.14143224219868, 29.52660412736776, 186.9045795539265, 0.0, 87.55417314162024, 205.82237904648244, 175.81997276029495, 91.59036376098992, 185.93515229758358, 36.27766121221846, 122.69090293126533, 1.5369167790318208, 110.64632414757529, 236.30390832909728, 173.91410668059467, 128.90685633084314, 33.77782623345932, 117.58630058689522, 159.79607793469933, 178.46686543106574, 183.02528513887188, 117.14661876865068, 6.059683183128528, 172.39708463677786, 202.21709134820833, 180.6190979715185, 183.1509305406446, 127.66088889274434, 61.12710007500999, 95.88055093779168, 204.58905656835387, 154.67941451715782, 149.11236277988638, 72.74442247623814, 130.69914917069792, 157.43435871837679, 121.55400688693892, 80.9554521517136, 221.63760036454582, 237.91131079766612, 217.0564652721392, 150.8856376741653, 183.16720336295325, 40.44512135887619, 18.08318186069509, 151.98749186184844, 26.121615745150915, 83.0530625205924, 176.1867717073188, 243.21250126852925, 136.62582842400712, 18.369658765823036, 97.63732243699546, 175.52970643039734, 110.55411533640616, 92.56306831735124, 185.93726429525304, 97.28511211904815, 176.31897155705968, 114.5451084165343, 52.3418912442147, 51.70372866688745, 175.4802207707835, 181.26888105634006, 44.95103144284654, 91.89163305171732, 229.6917645314677, 178.8164288715388, 119.87554857307303, 213.11704655032483, 109.258064674409, 145.11540155846538, 70.69591351379098, 128.9241731450346, 82.04569011524163, 189.47602922463565, 180.11879765303723, 127.30952952036505, 146.1942424621019, 148.34815758516908, 137.1390713341546, 209.48825395689747, 179.51235591848362, 34.562995740597614, 38.826930125328424, 120.86682714093092, 96.27279055434853, 167.56725464981878, 148.2336142557413, 63.18018460511185, 142.66493845549354, 139.30743365150968, 166.3494562447611, 176.49335827456116, 156.69015625443114, 189.38851357254188, 195.43912733938393, 128.33652919859597],
	[83.06840477830508, 83.81074287662982, 157.02301147468108, 60.64912136114528, 104.11572584077285, 87.55417314162024, 0.0, 136.9103103546484, 93.30764160167486, 33.29409871322656, 103.6806021539189, 53.71984304571054, 37.34684117437778, 87.52449356579089, 25.255867536732723, 162.9116291639107, 95.06229620192839, 43.497956919234475, 67.3808698758496, 32.28826213366694, 75.3606049725151, 91.45312704187702, 115.386475882989, 51.878906973433736, 87.21462702845223, 128.60402396210776, 119.0619450593006, 142.37529517679891, 97.91183439757133, 91.35192372723361, 96.95285251308135, 43.97314496923516, 136.2115458680223, 73.95108423026005, 66.66924860822525, 56.46737667370325, 47.187073297452116, 97.35339579563292, 40.34912007014732, 49.11571039565834, 139.14004325152703, 166.97171671774487, 151.69133401854117, 107.57009522086904, 123.76494597496959, 66.09443082723213, 70.86277350718322, 133.14870110889598, 98.82282330676045, 10.368236886655309, 152.19274389095685, 168.39246407499527, 50.233309309979525, 69.28264847237946, 74.28665865673331, 154.9818008447077, 81.14067155462051, 36.23058781166374, 103.91223652392328, 71.81016577866386, 97.68315027811516, 29.500981613369863, 65.93422971480629, 96.81988574425257, 90.70105988896273, 105.22872759565607, 48.67491707003088, 73.85082035529832, 149.53283758103325, 92.25192309627587, 116.18730861363396, 131.22591258106397, 41.60340982236785, 68.37658282139542, 19.516082369378637, 41.66446438497404, 70.61111310743877, 115.3446777018629, 92.66775868951665, 86.08694523945411, 104.44540079913045, 73.40006117003885, 51.54675753243296, 142.44074102990947, 100.63127125084907, 72.67285448635151, 55.91404495526809, 59.15127168740727, 70.27136939589242, 80.90121749996437, 135.64325652768102, 36.640087388109905, 87.13521543010279, 76.11430389974925, 140.89115409374628, 125.42974912823688, 84.26802418741522, 125.15804317371843, 113.06607706645492, 50.147876985803485],
	[118.69721075458693, 107.19885345250229, 20.93226012407653, 188.09906306811607, 57.10789037515054, 205.82237904648244, 136.9103103546484, 0.0, 144.98100070087, 116.03249469554623, 149.49880004960568, 170.74532592110285, 104.14931122763058, 206.55220532969847, 132.78056096705927, 32.687140773614225, 158.0701882671064, 128.9602183224265, 173.25160805839005, 131.39747485001786, 76.41791558713798, 116.36523655184982, 22.80021154771945, 89.91138099084485, 208.4156230181185, 63.70183787250535, 56.657074184586506, 74.5366943625045, 71.72099824768254, 90.12334572616842, 172.4517363139057, 110.1145305967762, 1.9156464977206005, 146.0827761289677, 76.61061562606216, 134.82784010910353, 93.4710525435666, 49.827049290042815, 140.96956010602406, 184.34094188250492, 55.96010117111586, 32.182012196495634, 17.182080998122682, 71.03072841148312, 31.31053351417577, 199.6606902598466, 194.69232430747073, 108.51946985370795, 225.86428842962758, 147.03560043713074, 102.8480496879555, 41.052165370617786, 123.23120645567481, 189.26057083274225, 116.13891100109444, 109.59799271291106, 104.9867486346109, 114.42967960761749, 150.52042158465377, 115.10981647976348, 159.72190896043517, 132.75350242131879, 157.20179672751183, 180.44144219464218, 133.72754028409003, 36.13807266785469, 161.45011524771095, 122.43147715474859, 47.77657265457089, 82.9733626801058, 130.11259150883853, 50.57619710447159, 160.62816755560374, 69.0537804751341, 155.241561670455, 108.36006149159913, 131.2226220183722, 179.97279577234775, 108.47680557959795, 86.20861319561443, 75.12894687885611, 63.65401560208616, 127.15840542027888, 7.405470744901232, 45.30173982192851, 174.80664097507386, 187.50911122444722, 85.18805819153958, 115.44347998116476, 86.50512263240913, 118.70066895852464, 173.13508780926338, 65.17167466581614, 66.53131203682784, 98.15642080095971, 49.22659488380592, 168.9877045841709, 19.507193384728524, 53.07242467394959, 86.95814719129001],
	[162.93127805315132, 158.53144270966376, 164.6628664757571, 146.48571824713173, 88.37249485801424, 175.81997276029495, 93.30764160167486, 144.98100070087, 0.0, 114.05224067718541, 10.372963045148186, 145.67028333603955, 75.43561392039396, 175.41248163424805, 68.05181955327, 154.16630737633037, 13.930594692280884, 50.12792798187236, 160.41150413275867, 61.04923151598379, 72.67289556969577, 29.320154445721105, 133.62788120067313, 110.93434197358478, 173.92117952253776, 175.00344288852264, 94.50840394983133, 190.87661015127705, 73.74297561144066, 156.6965862721873, 189.36344449875162, 121.50201909049089, 145.54491488381407, 21.477503316258257, 79.8435592374182, 145.40959678995273, 78.0579606853105, 135.4356311241291, 54.48612468824738, 103.18866700497557, 109.98661404992401, 162.71242296727266, 162.0765175395267, 161.00838348374378, 152.31365991095555, 143.06227672418493, 157.85546354405187, 199.72056636298518, 179.56573110337402, 94.18584957130265, 211.23362566194893, 154.96451163840428, 45.26515618866152, 158.59605546710077, 154.13057375341612, 216.19212782281485, 155.07516574901868, 116.12701414572618, 10.650432726118575, 151.452351557702, 15.007386618794985, 63.807285109570785, 158.71904244458082, 189.9511767398653, 11.351992747593037, 110.19416025909857, 141.72772392913623, 156.3812429648942, 125.78791540965426, 62.204446175219296, 194.86283242553006, 107.08431625080324, 68.62090522379157, 95.41170694080802, 105.96276143823452, 64.07377748079831, 156.79049589966, 35.192337648960404, 37.490361762005364, 149.50260763201908, 160.4564605329272, 100.41818995020832, 42.65434657525025, 152.36772277748767, 100.2965645478649, 165.8498583426637, 138.3026270414224, 116.9901983872131, 150.21569532955428, 59.19926223968633, 205.81140452210568, 113.41221478883003, 135.8576087128305, 121.06442625596253, 200.9974239540164, 164.54766597761235, 34.03864590175368, 145.66077735753225, 94.47373205496007, 90.74328873420896],
	[51.389715297336096, 50.82077920030763, 134.7125508479563, 72.06801474520562, 96.75350399573983, 91.59036376098992, 33.29409871322656, 116.03249469554623, 114.05224067718541, 0.0, 124.12362057265656, 55.534354941122984, 40.74672558097523, 92.1187539675252, 51.0715456732218, 145.38503054240522, 118.98783658851325, 65.29591546496349, 61.77479823073189, 56.4904421669923, 71.9461637628201, 103.97552056406649, 93.37795259532089, 26.133326803526852, 93.44963887150901, 97.4765913089828, 112.02222773417115, 110.48047114605711, 95.27825412439122, 58.24252755444706, 78.63535832227673, 10.69129379042315, 114.98409844616296, 97.79867884047233, 60.0166197695121, 32.48639691076675, 44.3944800786097, 70.6843150780267, 67.57108730073581, 80.05655503560729, 130.88079237564946, 147.71742506894395, 128.89862277593548, 75.81496415614015, 97.53108347862863, 84.52059154249928, 78.9603174996102, 99.87789135296315, 110.01574052480076, 42.397044532476215, 119.01574960447732, 152.00933705585376, 68.81413188273876, 74.10536363549636, 42.4009165525278, 121.71211143690464, 48.01364033681345, 2.9369007975747023, 124.58560712830075, 39.78449962518694, 121.62309090824355, 54.74871138407188, 51.11695899374513, 81.88803315204851, 108.60743065436124, 89.68981919465894, 46.64109387732275, 43.243568745513286, 138.23694741199512, 93.47895977137696, 84.6207244047389, 122.19088218201034, 74.12078624932525, 53.746506515296915, 44.705921019183485, 51.25780649466175, 42.74039435762028, 141.24226592431577, 102.56359278904696, 53.33087074155103, 72.31715799740392, 56.76604044948871, 71.7477121264488, 120.48212556702067, 88.10049816094033, 65.1343425093751, 71.97778896622626, 31.423498996604344, 38.320918678821194, 83.09413609937216, 102.60103864886253, 61.988771520725386, 58.068577350145254, 50.2552990675948, 107.7114792623791, 96.1165624384208, 112.45674286354276, 101.32914650801355, 104.91940254339643, 38.16138836869971],
	[172.6471273375106, 167.99334143699386, 168.71536425904046, 156.55528104816347, 92.46374547710847, 185.93515229758358, 103.6806021539189, 149.49880004960568, 10.372963045148186, 124.12362057265656, 0.0, 155.99122178673827, 85.1116959309106, 185.5084983405043, 78.42478252321251, 156.64209229844803, 16.919764441289043, 60.47602248586669, 170.77198429524148, 71.42081176670976, 79.45731124060156, 33.18680425670826, 139.4222897712679, 120.21473001851994, 183.95784305215807, 182.3996918229179, 97.08633152215003, 198.26314908295078, 77.80326075441174, 165.62742868658017, 199.68892709900769, 131.39633328479613, 150.17705816738763, 31.30421271128975, 87.55510481696746, 155.61467321140137, 87.17193438316872, 142.84709411666813, 64.75437395359607, 112.4196316301928, 111.20603057608132, 165.52067968812074, 166.45954161664034, 169.1043617368892, 158.59698675946927, 152.74531608160012, 167.94394275188648, 208.39616528129235, 189.25429002441481, 104.50130444380048, 219.27732645640336, 156.87286891359378, 55.42399014420144, 168.79075104108557, 163.89022127223913, 224.3709000210534, 164.51840106229372, 126.15338511575114, 1.0585433164738967, 161.216648327258, 16.270630606345655, 74.18020190516327, 169.06991175206227, 200.31498556022018, 17.443558696860997, 115.49290891359767, 152.0913363133999, 166.26382628179869, 127.1739220326774, 66.55682660659397, 204.37404511154486, 109.10798490396127, 78.19807333126205, 103.30589422578589, 116.22918269333589, 73.78826627320099, 166.8471208283319, 31.179449000174035, 41.02635106056861, 158.39377105133357, 168.73862405922998, 108.08529358753532, 52.93242773948538, 156.90395024544213, 105.49288265633862, 176.21658515836586, 148.2610338227276, 126.07793627709458, 160.00175154967806, 65.13672016343286, 214.70674477343715, 123.36106667761284, 144.02049096501403, 129.30020155392873, 209.19330675057518, 171.50606029507364, 39.66129512016601, 151.36607424673568, 97.8425969529724, 99.73152678558334],
	[74.16000590927779, 81.95986760682554, 188.65562026250842, 21.487120286552848, 150.66501087310428, 36.27766121221846, 53.71984304571054, 170.74532592110285, 145.67028333603955, 55.534354941122984, 155.99122178673827, 0.0, 87.09303907064121, 36.69853997035105, 78.2998112745721, 200.72454680353164, 145.6338922468922, 96.76630398129383, 16.825667847616874, 85.39048994694653, 123.76942797850681, 145.15146684170674, 147.9601288274803, 81.37243094373028, 37.917913690822424, 142.13603883100882, 165.9814268704358, 152.07115101103253, 147.1865811494161, 97.66908319378703, 55.05256780005138, 60.650126734111076, 169.58724466182875, 125.25747515305613, 112.92278080021428, 42.079729983788475, 94.70448941509356, 123.25111592240971, 91.2991502793052, 63.95027545603449, 185.3666101872714, 202.69455440757653, 182.66289350729903, 120.11044424533934, 149.54369263048852, 39.783841566266155, 24.275602862989462, 128.5611517189155, 55.39922999469817, 51.49151920566537, 151.89053684933592, 207.4698253706704, 103.87235605156081, 18.587556912483652, 68.91732571402926, 152.37054923642668, 81.29693490444558, 56.68572041198834, 156.12092828733162, 67.87641247660325, 148.17035644477843, 82.4336568941573, 29.0735969710944, 50.56062678680828, 143.976940372704, 145.20456366026374, 9.440373235208993, 64.17052681647996, 193.45545317146016, 143.25128096233934, 100.28330602343414, 176.83994953585326, 83.32480047828949, 108.88398543296147, 40.127084811343806, 94.06603147221392, 55.138239900677576, 163.6152726389813, 146.12860041876766, 96.05178888040585, 115.64401250834555, 112.2153509373323, 104.94194942145067, 174.7405006272425, 143.27535557055117, 22.775533092592855, 27.956591955985438, 85.56169817614393, 66.58914051736697, 132.0894277129819, 126.85807988852063, 40.8984431876702, 108.95467289889062, 104.26681428855169, 141.26047915078968, 144.54237860703853, 131.02938042751205, 154.94409501749575, 159.17627245524298, 92.0609096313129],
	[87.53554403416912, 83.22746416508339, 124.88332141828717, 97.30394334392292, 66.80792808922321, 122.69090293126533, 37.34684117437778, 104.14931122763058, 75.43561392039396, 40.74672558097523, 85.1116959309106, 87.09303907064121, 0.0, 122.84485271627105, 28.921560591878077, 127.68294747806827, 82.40777991207543, 31.87994991017925, 97.77608327362509, 29.104462266005314, 38.02699542956894, 63.231119654176695, 84.3018629937225, 36.45895068486008, 123.03116695447093, 109.765259081692, 81.71622456051736, 125.10439806200253, 60.83751059873074, 83.04299217893127, 119.19936498753823, 46.62438242937493, 103.73009552666153, 62.19552361827832, 29.824430210562276, 73.2203932486376, 10.752639907430193, 72.68130191122185, 40.518126473966916, 80.7756521450694, 101.80648447261547, 132.58660798362237, 120.06751095691517, 91.79416331936385, 96.697517471275, 103.41964396486921, 106.93237388138807, 126.71592482770363, 135.83181816874864, 46.00152312700403, 141.14564430737624, 132.612689662463, 31.708431694219026, 104.3311247576846, 78.78984485127079, 145.33703957791948, 79.80562737830873, 42.26700969927655, 85.68072759146662, 76.11966547321713, 84.96266033993396, 29.66165727929486, 90.5093888164807, 121.84671149667082, 68.81980132079865, 70.19091184344425, 80.00631766597115, 81.34388182641668, 112.47196398084444, 56.1662483328593, 119.47655549464514, 93.95399427267519, 57.43483350921529, 35.50877455938231, 56.8422275014762, 11.372443074692939, 82.70767399117571, 105.76619744525624, 61.98041826570552, 76.13202949947213, 90.1263212209519, 41.32290452835861, 35.52192688738652, 110.3599769016819, 64.44696562111116, 102.1572968466296, 93.17231751416371, 43.346488633962046, 74.9226527157252, 45.00221323854073, 131.89669533093706, 73.35719440954608, 67.37408790234774, 53.16187687547186, 130.26953272039395, 102.89521053595024, 80.98067957213598, 95.33295852852615, 75.78165416213336, 20.111589756322903],
	[101.8378596197052, 111.52573147351423, 223.9438744402883, 28.996393974579686, 187.23989048261436, 1.5369167790318208, 87.52449356579089, 206.55220532969847, 175.41248163424805, 92.1187539675252, 185.5084983405043, 36.69853997035105, 122.84485271627105, 0.0, 110.45446937458695, 236.9598442584264, 173.39094379987117, 128.67828722244832, 34.82932928531707, 117.37405130671328, 160.03835356654173, 178.30846858202483, 183.75303972931655, 117.74774547782141, 4.5267936427807385, 173.48185286618238, 202.5482749094695, 181.78398564935452, 183.37057257422825, 128.7346493983779, 62.62908229773955, 96.5557283880009, 205.32853519363633, 154.2387848919964, 149.41993373722903, 73.70713403836044, 130.93882183666673, 158.25296985183525, 121.19923703097096, 80.07911561579849, 222.00725714962775, 238.62556429408235, 217.8677029414714, 151.93487972680447, 184.04303231412484, 39.32645168418998, 17.569484743171706, 153.30773848398394, 24.679779717404692, 82.85612130708508, 177.49392296219165, 243.83728694914717, 136.44070526251542, 18.531322999846346, 98.73565457272359, 176.86680231715778, 111.64577558882564, 93.1344047225455, 185.50220172823435, 98.35387354606304, 175.78665130691195, 114.33000355464246, 53.47650013153674, 53.22709002594597, 175.16937191270023, 181.80757681228394, 45.50010497986188, 93.02013684770165, 230.15194660234866, 178.9453024247997, 121.26335283454719, 213.505442144703, 108.67874945149423, 145.578182221988, 70.47783038984257, 128.96169408105712, 83.18469259761429, 188.8118999952051, 180.02873118051053, 128.31885854652725, 147.25258453112343, 148.86022287445059, 136.90760254567016, 210.2594878241132, 179.97161635643474, 35.78881194690373, 38.11001374175709, 121.54547707135819, 97.32796358415646, 167.68275388113207, 149.60138774377089, 62.60052277260163, 143.5198328871694, 140.02759680267616, 167.6298447285079, 177.4865804871166, 156.03838080017553, 190.18951278332347, 195.79715504092047, 128.72254375178915],
	[102.44286111433196, 101.00192702574587, 153.5909400370773, 82.31083784166553, 91.07329261808066, 110.64632414757529, 25.255867536732723, 132.78056096705927, 68.05181955327, 51.0715456732218, 78.42478252321251, 78.2998112745721, 28.921560591878077, 110.45446937458695, 0.0, 155.108295188962, 70.18387667973734, 18.46809067045113, 92.51021622537655, 7.095852593771185, 62.03323171593428, 67.90802687270384, 113.2058429097545, 59.75792067718261, 109.63575360527985, 136.46631113087298, 105.02415536919582, 151.3795183769912, 82.09376851545152, 104.91421745268578, 121.82469661042721, 60.69851371750876, 132.42300110212398, 48.942296507081906, 56.955784304399934, 79.54671122465551, 39.38559180616606, 100.74997742533017, 16.520326903495672, 54.09994181519011, 125.16548072440676, 160.52362904448316, 148.86694457457799, 117.17067354211446, 125.38855702476198, 83.73460546382321, 93.22792346345777, 148.31972955414585, 118.89820482051483, 27.598528563106594, 165.04733304677347, 159.52902394760974, 25.98902718818497, 92.69706306002305, 93.44433048541174, 168.63911909217947, 97.91245792605903, 53.723903973551444, 78.65863124576353, 90.81042509533417, 72.81961426974166, 4.249417154232878, 90.93815864929415, 121.99860060320002, 65.6904173558708, 98.16299891814856, 73.80169410372575, 94.20357443324542, 137.33752833358557, 74.36897745826748, 135.63984946160224, 118.049287034536, 28.644348076505498, 64.41993696649352, 39.99394693928872, 25.624446808448955, 92.56583843512732, 91.2264128830181, 70.15483319950884, 98.63889528820938, 114.88302723706299, 70.24432014420196, 26.66648666978016, 139.1093734552288, 91.55578365118213, 97.87119890237405, 75.776305126167, 67.32710573670724, 89.36559192188861, 63.23902746881591, 152.17305929346753, 52.389232393838704, 93.84860898773017, 80.42065177344183, 153.894588567252, 130.66767003168366, 61.4527532056524, 124.25214929761529, 100.06680683618838, 48.377031802600555],
	[151.31554250961776, 139.83854343047295, 28.145285747263664, 217.11279728114994, 67.89250479379457, 236.30390832909728, 162.9116291639107, 32.687140773614225, 154.16630737633037, 145.38503054240522, 156.64209229844803, 200.72454680353164, 127.68294747806827, 236.9598442584264, 155.108295188962, 0.0, 167.94325086473282, 148.12588666107686, 204.26713682136014, 152.55850124859532, 94.27677720112234, 124.8496096615951, 54.34775198263675, 119.36368192454103, 238.59245335406158, 93.88284405410221, 59.67042076170372, 102.45997748675101, 81.60439277940836, 122.81045418384646, 204.9262098849735, 140.43085594436636, 34.405506363940695, 159.57390324765473, 98.22666582846857, 166.32082032251526, 116.97326342811, 82.16918904558715, 160.7493452144606, 208.42517663419474, 47.65706686732651, 10.197909125380143, 32.3820158976035, 103.38984323370352, 63.22763659257141, 227.47515301113896, 224.3452110021013, 139.1548935475657, 255.37244202001483, 172.6619692158462, 130.68656333612122, 8.726956410817586, 141.23550603843205, 219.30778621462082, 148.55131552071396, 137.45686358225677, 137.5783390800103, 144.05994113866495, 157.6989278865991, 147.43692865096432, 169.17270743195618, 154.3667288748666, 188.7607952128673, 212.7620374464807, 142.85712180333968, 57.70513832089733, 191.57043200701037, 154.81546781858557, 32.594610350570804, 93.12644033130172, 162.3830824407961, 47.69650996411193, 181.56851239718003, 94.65573754079941, 181.9225014607422, 129.6709064184277, 163.44330755973078, 187.81318966287236, 116.6794775303069, 118.84029965772156, 107.60560369147728, 90.05153402899674, 144.78171195873483, 32.74868683987878, 63.55430863482471, 206.1196023112856, 215.72551419202284, 115.46012380443038, 147.7113325535345, 100.04157964232112, 149.44771154055164, 199.53136684392703, 97.4641401506934, 97.33660988759226, 127.46537682906944, 80.05931607522147, 182.2927232620364, 52.064611778590795, 60.301168633192965, 112.90443250033361],
	[169.11630783345117, 165.5292970800098, 177.9430848276466, 144.3988517410081, 101.76835167210136, 173.91410668059467, 95.06229620192839, 158.0701882671064, 13.930594692280884, 118.98783658851325, 16.919764441289043, 145.6338922468922, 82.40777991207543, 173.39094379987117, 70.18387667973734, 167.94325086473282, 0.0, 53.7307547825455, 161.05164386777471, 63.573406695198564, 84.490343162177, 43.11595336137513, 145.95916397068962, 118.66388281411405, 171.56581161702542, 185.70386500873065, 108.31136552360731, 201.55622286457225, 87.19950068408727, 165.001362780035, 191.96109721771086, 127.21404064075357, 158.5753035509061, 21.31159465641559, 90.59848371393231, 149.33116216947516, 86.50105047328792, 146.22967330207345, 54.84905620111026, 98.03062758319795, 123.91523548107632, 176.41110953477772, 175.20904615545163, 170.79389029404055, 164.20962719570846, 139.22347089452055, 155.83979563951942, 208.41987513526473, 175.65193899631205, 94.41185906422321, 220.9837252981738, 168.8325375807358, 50.892432523641794, 157.2811547631013, 160.19455674629256, 225.72427661741784, 162.13907716636473, 121.27916855294849, 16.21760235528445, 157.51060697885873, 2.6442169749972986, 65.98735113225686, 160.99042759972733, 191.79380941781955, 25.10442334888375, 122.92570819639309, 142.53899331512494, 161.96403981590888, 139.70847319789274, 75.60697336599033, 201.60566426138396, 120.95836958731944, 64.90869342246457, 105.79554230408866, 105.52791822233546, 71.11988555903172, 161.57057898049325, 23.76756504711131, 51.27920472070268, 157.91743406424618, 169.95086723014393, 111.0658737199327, 47.480128339285876, 165.43709056996732, 113.12233154936376, 166.67665356053277, 135.65762762798346, 125.1387391038102, 156.1995586865601, 71.81220305172755, 214.05670661584392, 110.84122092968319, 145.62836459610583, 130.78964489998089, 210.53047233612094, 175.76891656005665, 22.839590560213736, 158.0291834945882, 108.09506655946294, 99.3163912717166],
	[115.84305235171898, 112.98977251338526, 149.88810478909838, 100.31233659754568, 81.50978741808532, 128.90685633084314, 43.497956919234475, 128.9602183224265, 50.12792798187236, 65.29591546496349, 60.47602248586669, 96.76630398129383, 31.87994991017925, 128.67828722244832, 18.46809067045113, 148.12588666107686, 53.7307547825455, 0.0, 110.86656247684584, 11.389338936623696, 53.868819048322436, 50.08394803309859, 111.36250673209248, 67.88281603632726, 127.73494236757224, 141.29920948346742, 94.21816231928756, 156.76112355149985, 70.52822651406713, 114.41094050166771, 139.2523386559147, 73.80799664163176, 128.86593820236212, 32.503166362739044, 52.53754314464597, 95.74592552406949, 39.59797187825695, 103.41440805095473, 12.819719742385104, 66.80716000725636, 113.98513639522264, 154.47230287401848, 145.6963512595377, 123.6566610145867, 125.99737556346194, 100.49927394143928, 111.35716651974879, 158.13450165963405, 136.22975313152926, 45.889510861037415, 173.0007002391331, 151.6921747937536, 8.615755276639458, 111.04783431076832, 106.8713872152613, 177.13133380033042, 109.6973823956329, 67.63942088246424, 60.776397250796165, 104.19284399026677, 56.37114605244411, 14.395477997893495, 108.59389116636976, 139.860178193744, 47.24487024831153, 93.13010720435535, 92.1565481617319, 108.39140859451521, 127.31873045441343, 61.28923721556304, 148.65643109148144, 107.62533884613971, 34.336675529801134, 63.915561751080936, 58.211263866214665, 22.35522767968259, 107.83994172743193, 76.04937818039545, 53.10577168051966, 107.64417883745539, 122.00469669063293, 69.83979424394884, 8.234802288945943, 135.7495824517363, 85.20673450355196, 116.16981117166759, 93.34578262422603, 75.01950920503047, 102.83989098685544, 50.9063933736895, 162.91421876561427, 69.26723668537885, 99.10824415822954, 84.69216410485168, 162.09289004698243, 133.75476155591417, 49.262324845196325, 123.03680901918815, 90.23653583594815, 51.520193996384975],
	[67.36462006038265, 76.77797283901164, 190.08304275371896, 33.6528066625229, 158.50376272185068, 33.77782623345932, 67.3808698758496, 173.25160805839005, 160.41150413275867, 61.77479823073189, 170.77198429524148, 16.825667847616874, 97.77608327362509, 34.82932928531707, 92.51021622537655, 204.26713682136014, 161.05164386777471, 110.86656247684584, 0.0, 99.59170917936835, 132.9150521043371, 158.06577789377877, 150.5034573225483, 86.06087363013839, 37.858803836835385, 138.65884534355706, 173.785500943538, 147.14166594830556, 156.38946715763922, 93.90689051097895, 38.86728736965387, 64.23406050053026, 171.9509271148741, 140.39149063993614, 121.40134043723613, 39.11326864670542, 104.24919711897185, 124.34486853209019, 106.37450479009455, 80.65510145916632, 192.62919685891478, 205.41755667217075, 183.95226809634735, 117.11031943871775, 149.76072423733874, 52.5525989300125, 30.555837709502555, 120.05599692878857, 58.13644591264968, 66.63987197513966, 144.0006012908144, 211.431688797497, 117.51135667647839, 22.54107951227763, 63.93367443785298, 143.80833582515257, 76.83238726499611, 62.168864524579746, 170.95293796263348, 63.5251981681877, 163.61814307994703, 96.72317470267691, 18.893843075152876, 33.76872892694154, 158.0819037603255, 150.46644518134877, 18.710548074379187, 58.29270240910969, 199.58595149703925, 153.47084444661695, 89.50679725943766, 183.9100306777569, 99.64472840429183, 115.38598065434871, 55.976288122720746, 105.85874747245238, 48.50715482741441, 179.59676727600754, 158.44611094204106, 93.54614759382477, 112.42416220465243, 118.00879089689536, 118.92704908278003, 176.63070322036708, 149.6040253702162, 5.955341083040042, 42.38175451336922, 88.96435626499152, 62.50003238736994, 142.5521661811778, 117.19468054189362, 57.71458045930309, 109.39355996507273, 106.95266535436407, 133.83264910969686, 142.74514360025736, 147.15467089984188, 156.36603535855005, 166.6941172270368, 99.78492114330565],
	[107.67593857763305, 105.67763842600371, 152.29339296099968, 89.10744113982372, 87.39207137784116, 117.58630058689522, 32.28826213366694, 131.39747485001786, 61.04923151598379, 56.4904421669923, 71.42081176670976, 85.39048994694653, 29.104462266005314, 117.37405130671328, 7.095852593771185, 152.55850124859532, 63.573406695198564, 11.389338936623696, 99.59170917936835, 0.0, 58.68779866729164, 61.12229675938999, 112.5270407869884, 62.70746489536186, 116.48842993777427, 138.42318938500742, 100.92452001220347, 153.57477136862357, 77.63595247183574, 108.61882146966195, 128.60664276591726, 65.70071314711053, 131.13979632376615, 42.275347386416726, 54.939711499716154, 85.84263385773076, 38.81809457721771, 101.76706985860534, 11.921831059799787, 58.32857960260858, 120.96883369708897, 158.3378991220251, 147.76508163056218, 119.72736908883202, 125.68759714318078, 89.9233664296406, 100.0943519216464, 152.2246775917612, 125.37433182613952, 34.54086225914041, 168.25392133924157, 156.65897683074022, 19.186322664233746, 99.68873111058464, 98.67204741528522, 172.0573114471947, 102.5015333333162, 59.02683435884362, 71.67096891564147, 96.01527433408185, 66.21527889073722, 3.05045256143115, 97.79231442984776, 128.93115627441892, 58.595196839542595, 96.21293359542895, 80.88198229350921, 99.73215829990922, 133.60227031005329, 69.32662396273082, 140.76645865485065, 114.12448245168198, 29.247159102616397, 63.981802225532675, 46.89624040412706, 23.082063323176122, 98.51732008148753, 85.03611878190611, 63.66376053804687, 102.13304551790206, 117.68211172601677, 69.89771829010584, 19.609175905591144, 137.91617846582392, 89.07982322440485, 104.93828459900408, 82.34986118988925, 70.15794183960001, 94.6038107742394, 58.403893949059764, 156.44004112109636, 58.59197613833842, 95.85195791762911, 81.97116279612587, 157.18202191136945, 131.93653241247458, 56.093118004391556, 123.84634129677933, 96.3179137713012, 49.170103483662665],
