nbVertex = 6;
c = [
	[0.0, 43.31947696623971, 110.90473875655405, 145.7476636143259, 84.6873308742224, 104.30497441620851],
	[43.31947696623971, 0.0, 149.25061827735038, 148.78096048398453, 62.44480787478807, 141.6207043608562],
	[110.90473875655405, 149.25061827735038, 0.0, 135.3615731984531, 152.9173448658844, 121.50013270137745],
	[145.7476636143259, 148.78096048398453, 135.3615731984531, 0.0, 97.63643024140983, 227.81673448023705],
	[84.6873308742224, 62.44480787478807, 152.9173448658844, 97.63643024140983, 0.0, 188.3750256687994],
	[104.30497441620851, 141.6207043608562, 121.50013270137745, 227.81673448023705, 188.3750256687994, 0.0]
];
