nbVertex = 6;
c = [
	[0.0, 37.86390810050944, 80.49896933461169, 169.71933946025067, 142.6234419854761, 195.0815850089754],
	[37.86390810050944, 0.0, 55.07809881773476, 196.65974755350965, 176.55873832339012, 215.90195315131766],
	[80.49896933461169, 55.07809881773476, 0.0, 193.10883404784502, 189.82883737247948, 200.42750100130823],
	[169.71933946025067, 196.65974755350965, 193.10883404784502, 0.0, 59.12405019956322, 46.24838598461846],
	[142.6234419854761, 176.55873832339012, 189.82883737247948, 59.12405019956322, 0.0, 105.00597291375878],
	[195.0815850089754, 215.90195315131766, 200.42750100130823, 46.24838598461846, 105.00597291375878, 0.0]
];
