nbVertex = 6;
c = [
	[0.0, 71.9750182474727, 189.95831655000023, 80.65483240635415, 166.5218370825166, 145.42329881817156],
	[71.9750182474727, 0.0, 174.20084715667446, 136.0749577705497, 122.39970719708269, 76.21621057065423],
	[189.95831655000023, 174.20084715667446, 0.0, 164.53352909916717, 80.11843460106311, 159.93992751151168],
	[80.65483240635415, 136.0749577705497, 164.53352909916717, 0.0, 177.8671315982381, 193.45919288515736],
	[166.5218370825166, 122.39970719708269, 80.11843460106311, 177.8671315982381, 0.0, 83.70640760065655],
	[145.42329881817156, 76.21621057065423, 159.93992751151168, 193.45919288515736, 83.70640760065655, 0.0]
];
