nbVertex = 6;
c = [
	[0.0, 45.041547300542476, 162.8617730146952, 83.70344103454185, 67.96523258661341, 66.34811711772184],
	[45.041547300542476, 0.0, 123.19398691015218, 38.670295185280104, 40.963528088223605, 54.10159877830291],
	[162.8617730146952, 123.19398691015218, 0.0, 93.92589443816087, 141.66926136258166, 162.9962219707915],
	[83.70344103454185, 38.670295185280104, 93.92589443816087, 0.0, 47.99012084943486, 69.13317688418161],
	[67.96523258661341, 40.963528088223605, 141.66926136258166, 47.99012084943486, 0.0, 21.507832087928602],
	[66.34811711772184, 54.10159877830291, 162.9962219707915, 69.13317688418161, 21.507832087928602, 0.0]
];
