nbVertex = 6;
c = [
	[0.0, 126.57212570232637, 127.23998363538655, 88.56209809616189, 124.28744269119514, 108.51348443574334],
	[126.57212570232637, 0.0, 119.99669594368294, 73.81196595646593, 5.322283840280173, 23.91349870045284],
	[127.23998363538655, 119.99669594368294, 0.0, 156.5427016801666, 123.16747202652326, 98.79771106130738],
	[88.56209809616189, 73.81196595646593, 156.5427016801666, 0.0, 68.84525165283733, 73.71909525562006],
	[124.28744269119514, 5.322283840280173, 123.16747202652326, 68.84525165283733, 0.0, 25.449955520226997],
	[108.51348443574334, 23.91349870045284, 98.79771106130738, 73.71909525562006, 25.449955520226997, 0.0]
];
