nbVertex = 6;
c = [
	[0.0, 104.228033460013, 125.70992431575668, 27.606350231023434, 61.373627351281876, 111.5330189307241],
	[104.228033460013, 0.0, 100.63938252886905, 93.45121741275932, 151.40601777239027, 78.08534844957647],
	[125.70992431575668, 100.63938252886905, 0.0, 98.53411157787149, 129.4945853628432, 22.72659216988598],
	[27.606350231023434, 93.45121741275932, 98.53411157787149, 0.0, 58.32989064563121, 85.61937723414587],
	[61.373627351281876, 151.40601777239027, 129.4945853628432, 58.32989064563121, 0.0, 125.55159043208621],
	[111.5330189307241, 78.08534844957647, 22.72659216988598, 85.61937723414587, 125.55159043208621, 0.0]
];
