nbVertex = 6;
c = [
	[0.0, 153.09003252845366, 57.16233881106845, 96.96880708793958, 58.330532163329295, 29.48536213416748],
	[153.09003252845366, 0.0, 98.34188936855237, 70.92835717761913, 125.23256328260737, 176.39218299394514],
	[57.16233881106845, 98.34188936855237, 0.0, 58.80669295578278, 61.75451339652836, 78.11462005992813],
	[96.96880708793958, 70.92835717761913, 58.80669295578278, 0.0, 55.60879406461054, 125.00797144989686],
	[58.330532163329295, 125.23256328260737, 61.75451339652836, 55.60879406461054, 0.0, 87.50003126311694],
	[29.48536213416748, 176.39218299394514, 78.11462005992813, 125.00797144989686, 87.50003126311694, 0.0]
];
