nbVertex = 6;
c = [
	[0.0, 93.35499096505306, 39.92786889645419, 69.5161007050603, 176.70355663495357, 154.37597811385936],
	[93.35499096505306, 0.0, 92.18283074926356, 38.63578646002438, 87.03990992794039, 78.83058231047326],
	[39.92786889645419, 92.18283074926356, 0.0, 56.37282233996297, 163.6904634746225, 165.987459982682],
	[69.5161007050603, 38.63578646002438, 56.37282233996297, 0.0, 109.10732465337082, 116.99292660848414],
	[176.70355663495357, 87.03990992794039, 163.6904634746225, 109.10732465337082, 0.0, 102.34474983307886],
	[154.37597811385936, 78.83058231047326, 165.987459982682, 116.99292660848414, 102.34474983307886, 0.0]
];
