nbVertex = 6;
c = [
	[0.0, 56.553929147222355, 93.21772267461817, 63.851350892421, 91.64774046842427, 110.62931781102273],
	[56.553929147222355, 0.0, 149.31193233285657, 7.404875743331266, 104.4812872496547, 54.80209033085411],
	[93.21772267461817, 149.31193233285657, 0.0, 156.43787867629408, 124.30925676996334, 201.94844437917604],
	[63.851350892421, 7.404875743331266, 156.43787867629408, 0.0, 107.06533618417707, 47.40678943503671],
	[91.64774046842427, 104.4812872496547, 124.30925676996334, 107.06533618417707, 0.0, 130.54495070174116],
	[110.62931781102273, 54.80209033085411, 201.94844437917604, 47.40678943503671, 130.54495070174116, 0.0]
];
